# Evolution of the frequency of the use of the 24 programs for
# (pseudo) primes in iterations 25 - 148. See Primes_evolution.md and
# prime_patt for the exact definitions of the 24 programs and the
# generation of their invention.

25:0 0 0 0 0 0 0 0 0 0 0 0 0 0 0 0 0 0 0 0 0 0 0 0
26:6 0 0 0 0 0 0 0 0 0 0 0 0 0 0 0 0 0 0 0 0 0 0 0
27:7 0 0 0 0 0 0 0 0 0 0 0 0 0 0 0 0 0 0 0 0 0 0 0
28:8 0 0 0 0 0 0 0 0 0 0 0 0 0 0 0 0 0 0 0 0 0 0 0
29:9 0 0 0 0 0 0 0 0 0 0 0 0 0 0 0 0 0 0 0 0 0 0 0
30:10 0 0 0 0 0 0 0 0 0 0 0 0 0 0 0 0 0 0 0 0 0 0 0
31:4 6 0 0 0 0 0 0 0 0 0 0 0 0 0 0 0 0 0 0 0 0 0 0
32:6 6 0 0 0 0 0 0 0 0 0 0 0 0 0 0 0 0 0 0 0 0 0 0
33:8 1 6 6 0 0 0 0 0 0 0 0 0 0 0 0 0 0 0 0 0 0 0 0
34:12 4 6 6 1 0 0 0 0 0 0 0 0 0 0 0 0 0 0 0 0 0 0 0
35:7 12 6 0 9 0 0 0 0 0 0 0 0 0 0 0 0 0 0 0 0 0 0 0
36:4 10 6 0 17 0 0 0 0 0 0 0 0 0 0 0 0 0 0 0 0 0 0 0
37:3 4 6 0 18 6 1 0 0 0 0 0 0 0 0 0 0 0 0 0 0 0 0 0
38:2 3 1 0 12 18 11 0 0 0 0 0 0 0 0 0 0 0 0 0 0 0 0 0
39:2 3 1 0 9 56 31 0 0 0 0 0 0 0 0 0 0 0 0 0 0 0 0 0
40:2 5 2 0 7 59 49 9 1 0 2 0 1 0 0 0 0 0 0 0 0 0 0 0
41:1 2 3 0 4 52 58 42 23 0 13 0 8 0 0 0 0 0 0 0 0 0 0 0
42:0 2 4 0 3 44 50 38 60 8 11 0 55 0 0 0 0 0 0 0 0 0 0 0
43:0 2 12 0 0 37 55 14 116 35 16 7 90 0 0 0 0 0 0 0 0 0 0 0
44:0 2 13 0 0 28 40 6 176 73 19 8 122 9 12 0 0 0 0 0 0 0 0 0
45:0 2 9 0 0 19 24 4 147 185 26 16 94 25 29 0 7 0 0 0 0 0 0 0
46:0 2 4 0 0 11 14 0 101 256 21 14 66 64 30 0 29 0 0 0 0 0 0 0
47:0 0 0 0 0 9 4 0 55 290 23 3 43 116 16 6 62 14 0 0 0 0 0 0
48:0 0 0 0 0 8 0 0 22 261 16 0 34 192 10 6 89 30 0 0 0 0 0 0
49:0 0 0 0 0 8 0 0 6 195 11 0 36 225 8 6 99 34 0 0 0 0 0 0
50:0 0 0 0 0 5 0 0 2 154 8 0 29 168 6 6 108 39 0 0 0 0 0 0
51:0 0 0 0 0 4 0 0 0 121 7 0 21 97 6 6 113 43 0 0 0 0 0 0
52:0 0 0 0 0 2 0 0 0 118 8 0 12 62 6 6 110 51 0 0 0 0 0 0
53:0 0 0 0 0 1 0 0 0 59 7 0 15 33 6 6 125 62 0 0 0 0 0 0
54:0 0 0 0 0 1 0 0 0 41 4 0 16 17 6 9 137 72 0 0 0 0 0 0
55:0 0 0 0 0 2 0 0 0 32 4 0 15 9 6 17 147 82 0 0 0 0 0 0
56:0 0 0 0 0 1 0 0 0 29 4 0 10 7 6 39 152 98 0 0 0 0 0 0
57:0 0 0 0 0 1 0 0 1 28 3 0 9 5 6 103 142 108 0 0 0 0 0 0
58:0 0 0 0 0 0 0 0 1 17 3 0 7 4 6 146 146 120 0 0 0 0 0 0
59:0 0 0 0 0 0 0 0 1 11 3 0 6 2 0 179 153 122 0 0 0 0 0 0
60:0 0 0 0 0 0 0 0 1 6 3 0 3 2 0 206 148 121 0 0 0 0 0 0
61:0 0 0 0 0 0 0 0 0 6 3 0 3 1 0 220 139 138 0 0 0 0 0 0
62:0 0 0 0 0 0 0 0 0 5 3 0 2 0 0 245 118 145 0 0 0 0 0 0
63:0 0 0 0 0 0 0 0 0 5 3 0 2 0 0 263 103 160 0 0 0 0 0 0
64:0 0 3 0 0 0 0 0 0 6 4 0 2 0 0 284 87 162 0 0 0 0 0 0
65:0 0 13 0 0 0 0 0 0 5 4 0 1 0 0 303 74 173 0 0 0 0 0 0
66:0 0 34 0 0 0 0 0 0 3 2 0 1 0 0 315 67 174 0 0 0 0 0 0
67:0 0 53 0 0 0 0 0 0 1 1 0 1 0 0 321 64 180 0 0 0 0 0 0
68:0 0 61 0 0 0 0 0 0 1 1 0 1 0 0 323 66 178 0 0 0 0 0 0
69:0 0 67 0 0 0 0 0 0 1 1 0 1 0 0 325 63 178 0 0 0 0 0 0
70:0 0 70 0 0 0 0 0 0 1 1 0 1 0 0 324 60 182 0 0 0 0 0 0
71:0 0 72 0 0 0 0 0 0 1 1 0 1 0 0 330 56 181 0 0 0 0 0 0
72:0 0 73 0 0 0 0 0 0 0 2 0 1 0 0 332 57 190 0 0 0 0 0 0
73:0 0 72 0 0 0 0 0 0 0 2 0 1 0 0 330 58 191 0 0 0 0 0 0
74:0 0 71 0 0 0 0 0 0 0 3 0 1 0 0 336 56 189 0 0 0 0 0 0
75:0 0 74 0 0 0 0 0 0 0 2 0 1 0 0 340 55 192 0 0 0 0 0 0
76:0 0 77 0 0 0 0 0 0 0 1 0 0 0 0 341 57 195 0 0 0 0 0 0
77:0 0 79 0 0 0 0 0 0 0 1 0 0 0 0 343 56 191 0 0 0 0 0 0
78:0 0 79 0 0 0 0 0 0 0 1 0 0 0 0 344 57 201 0 0 0 0 0 0
79:0 0 81 0 0 0 0 0 0 0 0 0 0 0 0 344 56 200 0 0 0 0 0 0
80:0 0 80 0 0 0 0 0 0 0 0 0 0 0 0 346 55 210 0 0 0 0 0 0
81:0 0 75 0 0 0 0 0 0 0 0 0 0 0 0 351 55 206 0 0 0 0 0 0
82:0 0 77 0 0 0 0 0 0 0 0 0 0 0 0 354 53 206 0 0 0 0 0 0
83:0 0 77 0 0 0 0 0 0 1 0 0 0 0 0 360 53 207 0 0 0 0 0 0
84:0 0 76 0 0 0 0 0 0 1 0 0 0 0 0 360 53 208 0 0 0 0 0 0
85:0 0 74 0 0 0 0 0 0 1 0 0 0 0 0 363 53 207 0 0 0 0 0 0
86:0 0 75 0 0 0 0 0 0 0 0 0 0 0 0 361 54 205 0 0 0 0 0 0
87:0 0 77 0 0 0 0 0 0 0 0 0 0 0 0 359 54 198 0 0 0 0 0 0
88:0 0 80 0 0 0 0 0 0 1 0 0 0 0 0 359 54 199 0 0 0 0 0 0
89:0 0 83 0 0 0 0 0 0 1 0 0 0 0 0 357 56 196 0 0 0 0 0 0
90:0 0 82 0 0 0 0 0 0 1 0 0 0 0 0 345 56 194 0 0 0 0 0 0
91:0 0 81 0 0 0 0 0 0 1 0 0 0 0 0 331 50 188 0 0 0 0 0 0
92:0 0 66 0 0 0 0 0 0 0 0 0 0 0 0 322 31 176 9 1 0 0 0 0
93:0 0 56 0 0 0 0 0 0 0 0 0 0 0 0 313 18 162 37 17 0 0 0 0
94:0 0 41 0 0 0 0 0 0 0 0 0 0 0 0 303 9 145 52 30 0 0 0 0
95:0 0 26 0 0 0 0 0 0 0 0 0 0 0 0 300 8 130 54 38 0 0 0 0
96:0 0 22 0 0 0 0 0 0 1 0 0 0 0 0 293 5 119 64 47 1 0 0 0
97:0 0 17 0 0 0 0 0 0 0 0 0 0 0 0 285 4 100 78 56 2 0 0 0
98:0 0 16 0 0 0 0 0 0 0 0 0 0 0 0 276 3 88 79 64 10 0 0 0
99:0 0 12 0 0 0 0 0 0 0 0 0 0 0 0 269 0 78 56 56 85 0 0 0
100:0 0 10 0 0 0 0 0 0 0 0 0 0 0 0 266 0 73 40 51 116 0 0 0
101:0 0 8 0 0 0 0 0 0 0 0 0 0 0 0 266 1 63 33 55 49 0 0 0
102:0 0 7 0 0 0 0 0 0 0 0 0 0 0 0 259 0 56 23 64 25 0 0 0
103:0 0 5 0 0 0 0 0 0 0 0 0 0 0 0 256 2 50 21 56 29 0 0 0
104:0 0 5 0 0 0 0 0 0 0 0 0 0 0 0 258 1 49 20 49 29 0 0 0
105:0 0 5 0 0 0 0 0 0 0 0 0 0 0 0 255 1 47 18 43 27 0 0 0
106:0 0 5 0 0 0 0 0 0 0 0 0 0 0 0 253 1 44 14 37 15 0 0 0
107:0 0 5 0 0 0 0 0 0 0 0 0 0 0 0 252 1 40 12 36 11 0 0 0
108:0 0 5 0 0 0 0 0 0 0 0 0 0 0 0 255 2 38 12 34 8 0 0 0
109:0 0 4 0 0 0 0 0 0 0 0 0 0 0 0 255 3 34 11 33 8 0 0 0
110:0 0 4 0 0 0 0 0 0 0 0 0 0 0 0 256 2 35 10 30 8 0 0 0
111:0 0 4 0 0 0 0 0 0 0 0 0 0 0 0 258 2 32 10 31 7 0 0 0
112:0 0 4 0 0 0 0 0 0 0 0 0 0 0 0 262 2 31 11 31 7 0 0 0
113:0 0 2 0 0 0 0 0 0 0 0 0 0 0 0 263 0 31 10 29 1 0 0 0
114:0 0 2 0 0 0 0 0 0 0 0 0 0 0 0 263 0 31 7 30 1 0 0 0
115:0 0 1 0 0 0 0 0 0 0 0 0 0 0 0 261 0 30 5 28 1 0 0 0
116:0 0 1 0 0 0 0 0 0 0 0 0 0 0 0 263 0 27 6 29 1 0 0 0
117:0 0 1 0 0 0 0 0 0 0 0 0 0 0 0 263 0 28 4 27 1 0 0 0
118:0 0 1 0 0 0 0 0 0 0 0 0 0 0 0 266 1 28 3 25 1 0 0 0
119:0 0 1 0 0 0 0 0 0 0 0 0 0 0 0 264 1 28 3 24 1 0 0 0
120:0 0 1 0 0 0 0 0 0 0 0 0 0 0 0 261 1 29 3 21 1 0 0 0
121:0 0 1 0 0 0 0 0 0 0 0 0 0 0 0 268 1 28 2 20 1 0 0 0
122:0 0 1 0 0 0 0 0 0 0 0 0 0 0 0 274 1 28 3 20 1 2 0 0
123:0 0 1 0 0 0 0 0 0 0 0 0 0 0 0 276 1 28 2 19 1 9 0 0
124:0 0 1 0 0 0 0 0 0 0 0 0 0 0 0 277 1 27 2 19 0 29 0 0
125:0 0 1 0 0 0 0 0 0 0 0 0 0 0 0 279 1 26 2 18 0 48 0 0
126:0 0 1 0 0 0 0 0 0 0 0 0 0 0 0 277 1 24 2 15 0 61 0 0
127:0 0 1 0 0 0 0 0 0 0 0 0 0 0 0 274 1 24 2 13 0 73 0 0
128:0 0 1 0 0 0 0 0 0 0 0 0 0 0 0 275 0 24 2 13 0 79 0 0
129:0 0 1 0 0 0 0 0 0 0 0 0 0 0 0 282 0 24 1 12 0 92 1 0
130:0 0 1 0 0 0 0 0 0 0 0 0 0 0 0 278 0 24 1 12 0 103 5 0
131:0 0 1 0 0 0 0 0 0 0 0 0 0 0 0 275 0 24 0 11 0 109 17 0
132:0 0 1 0 0 0 0 0 0 0 0 0 0 0 0 261 0 24 0 11 0 112 37 0
133:0 0 1 0 0 0 0 0 0 0 0 0 0 0 0 225 0 22 0 10 0 113 110 0
134:0 0 1 0 0 0 0 0 0 0 0 0 0 0 0 182 0 22 0 10 0 114 176 0
135:0 0 1 0 0 0 0 0 0 0 0 0 0 0 0 159 0 22 0 10 0 114 209 0
136:0 0 1 0 0 0 0 0 0 0 0 0 0 0 0 127 0 22 0 7 0 112 247 0
137:0 0 1 0 0 0 0 0 0 0 0 0 0 0 0 105 0 23 0 6 0 109 287 2
138:0 0 1 0 0 0 0 0 0 0 0 0 0 0 0 96 0 23 0 6 0 111 299 14
139:0 0 1 0 0 0 0 0 0 0 0 0 0 0 0 89 0 23 0 6 0 117 310 45
140:0 0 1 0 0 0 0 0 0 0 0 0 0 0 0 80 0 22 0 4 0 115 319 51
141:0 0 1 0 0 0 0 0 0 0 0 0 0 0 0 67 0 23 0 4 0 118 335 36
142:0 0 1 0 0 0 0 0 0 0 0 0 0 0 0 65 0 23 0 3 0 118 342 19
143:0 0 1 0 0 0 0 0 0 0 0 0 0 0 0 55 0 22 0 3 0 116 352 6
144:0 0 1 0 0 0 0 0 0 0 0 0 0 0 0 52 0 22 0 3 0 109 359 2
145:0 0 1 0 0 0 0 0 0 0 0 0 0 0 0 51 0 23 0 3 0 101 363 2
146:0 0 1 0 0 0 0 0 0 0 0 0 0 0 0 50 0 24 0 3 0 93 364 7
147:0 0 1 0 0 0 0 0 0 0 0 0 0 0 0 50 0 27 0 3 0 93 369 7
148:0 0 1 0 0 0 0 0 0 0 0 0 0 0 0 45 0 26 0 3 0 97 378 8 
