# Evolution of the frequency of the use of the 24 programs for the
# sigma function in iterations 110 - 155. See sigma_evolution.md and
# sigma_patt for the exact definitions of the 24 programs and the
# generation of their invention.


110:0 0 0 0 0 0 0 0 0 0 0 0 0 0 0 0 0 0 0 0 0 0 0 0 
111:0 0 0 0 0 0 0 0 0 0 0 0 0 0 0 0 0 0 0 0 0 0 0 0 
112:0 0 0 0 0 0 0 0 0 0 0 0 0 0 0 0 0 0 0 0 0 0 0 0 
113:0 0 0 0 0 0 0 0 0 0 0 0 0 0 0 0 0 0 0 0 0 0 0 0 
114:2 0 0 0 0 0 0 0 0 0 0 0 0 0 0 0 0 0 0 0 0 0 0 0 
115:0 2 2 0 0 0 0 0 0 0 0 0 0 0 0 0 0 0 0 0 0 0 0 0 
116:0 2 2 0 0 0 0 0 0 0 0 0 0 0 0 0 0 0 0 0 0 0 0 0 
117:0 0 2 2 0 0 0 0 0 0 0 0 0 0 0 0 0 0 0 0 0 0 0 0 
118:3 1 2 0 3 0 0 0 0 0 0 0 0 0 0 0 0 0 0 0 0 0 0 0 
119:3 1 2 2 2 2 0 0 0 0 0 0 0 0 0 0 0 0 0 0 0 0 0 0 
120:6 0 2 8 5 0 2 0 0 0 0 0 0 0 0 0 0 0 0 0 0 0 0 0 
121:2 1 2 12 19 0 0 2 0 0 0 0 0 0 0 0 0 0 0 0 0 0 0 0 
122:3 1 0 8 25 0 0 0 2 2 0 0 0 0 0 0 0 0 0 0 0 0 0 0 
123:1 0 0 9 25 0 0 0 1 2 0 0 0 0 0 0 0 0 0 0 0 0 0 0 
124:1 0 0 6 23 0 0 0 4 2 0 0 0 0 0 0 0 0 0 0 0 0 0 0 
125:2 0 0 5 19 0 0 0 6 2 0 0 0 0 0 0 0 0 0 0 0 0 0 0 
126:2 0 0 4 20 0 0 0 5 2 2 0 0 0 0 0 0 0 0 0 0 0 0 0 
127:1 0 0 3 14 0 0 0 10 1 2 2 0 0 0 0 0 0 0 0 0 0 0 0 
128:1 0 0 1 10 0 0 0 16 1 2 0 2 0 0 0 0 0 0 0 0 0 0 0 
129:0 0 0 1 7 0 0 0 14 2 2 0 0 2 0 0 0 0 0 0 0 0 0 0 
130:0 0 0 1 5 0 0 0 8 3 2 0 0 2 0 0 0 0 0 0 0 0 0 0 
131:1 0 0 1 4 0 0 0 6 3 2 0 0 0 2 0 0 0 0 0 0 0 0 0 
132:1 0 0 1 5 0 0 0 4 2 2 0 0 0 1 0 0 0 0 0 0 0 0 0 
133:1 0 0 1 4 0 0 0 3 1 0 0 0 0 1 2 0 0 0 0 0 0 0 0 
134:1 0 0 1 1 0 0 0 3 2 0 0 0 0 1 2 0 0 0 0 0 0 0 0 
135:1 0 0 1 1 0 0 0 3 2 0 0 0 0 1 2 0 0 0 0 0 0 0 0 
136:1 0 0 1 1 0 0 0 3 2 0 0 0 0 1 1 2 0 0 0 0 0 0 0 
137:1 0 0 1 1 0 0 0 4 2 0 0 0 0 1 1 0 2 0 0 0 0 0 0 
138:2 0 0 1 1 0 0 0 6 0 0 0 0 0 1 0 0 3 0 0 0 0 0 0 
139:1 0 0 2 1 0 0 0 8 0 0 1 0 0 1 0 0 1 2 0 0 0 0 0 
140:1 0 0 2 1 0 0 0 5 0 0 1 0 0 0 0 1 1 2 1 0 0 0 0 
141:1 0 0 1 0 0 0 0 4 1 0 1 0 0 0 0 1 0 0 1 2 0 0 0 
142:1 0 0 1 0 0 0 0 4 1 0 1 0 0 0 0 1 0 4 1 2 0 0 0 
143:1 0 0 1 1 0 0 0 4 1 0 1 0 0 0 0 0 0 12 1 2 0 0 0 
144:1 0 0 0 1 0 0 0 3 1 0 0 0 0 0 0 0 0 20 1 2 0 0 0 
145:1 0 0 0 1 0 0 0 3 1 0 0 0 0 0 0 0 0 29 1 2 0 0 0 
146:1 0 0 0 1 0 0 0 3 1 0 0 0 0 0 0 0 0 32 1 2 0 0 0 
147:0 0 0 0 2 0 0 0 2 1 0 0 0 0 0 0 0 0 32 1 2 0 0 0 
148:0 0 0 0 2 0 0 0 1 1 0 0 0 0 0 0 0 0 38 1 2 0 0 0 
149:0 0 0 0 2 0 0 0 1 1 0 0 0 0 0 0 0 0 39 0 2 1 0 0 
150:0 0 0 0 2 0 0 0 1 1 0 0 0 0 0 0 0 0 40 0 2 1 0 0 
151:0 0 0 0 2 0 0 0 1 1 0 0 0 0 0 0 0 0 37 0 2 0 1 0 
152:0 0 0 0 2 0 0 0 1 1 0 0 0 0 0 0 0 0 35 0 3 0 1 0 
153:0 0 0 0 2 0 0 0 1 1 0 0 0 0 0 0 0 0 31 0 5 0 1 0 
154:0 0 0 0 2 0 0 0 1 1 0 0 0 0 0 0 0 0 24 0 14 0 0 1 
155:0 0 0 0 2 0 0 0 1 1 0 0 0 0 0 0 0 0 23 0 19 0 0 1 
